1000
78 84 95
85 7 21
20 56 46
2 59 23
73 67 79
56 6 32
45 12 15
83 45 78
33 24 78
28 95 98
100 89 96
100 35 40
28 13 37
2 48 25
12 85 59
22 42 25
78 13 34
66 92 12
31 37 19
70 15 34
73 79 96
32 27 27
60 86 100
6 56 93
54 72 3
83 77 98
63 39 40
44 27 57
72 17 12
12 100 82
43 24 79
17 53 33
54 84 77
75 97 39
37 24 17
91 47 20
11 92 53
0 39 48
93 81 97
26 2 42
17 24 45
76 78 55
13 64 55
21 28 21
35 99 22
45 70 62
92 38 94
58 36 22
59 31 96
68 6 13
43 81 99
52 71 98
63 53 74
84 79 64
14 89 2
9 70 2
90 14 81
70 16 5
38 4 1
100 70 91
20 11 46
39 62 18
86 14 22
72 84 72
55 71 46
27 69 53
53 90 67
86 92 88
31 43 35
22 84 76
70 59 36
2 86 38
48 38 28
90 47 68
16 53 10
16 39 79
16 93 89
100 45 18
24 60 67
41 31 52
64 16 62
36 64 15
2 57 53
42 8 52
36 87 6
85 67 94
71 8 8
76 27 10
75 33 74
83 21 71
76 9 32
84 30 23
92 55 47
68 94 26
0 68 90
97 40 88
23 89 93
91 41 56
97 82 93
11 78 3
85 68 41
100 61 33
99 61 22
61 11 61
38 18 100
30 86 56
61 89 91
72 40 83
34 14 7
51 65 58
8 61 41
28 44 77
5 97 10
28 2 36
39 12 84
55 37 9
52 79 95
57 76 73
22 15 99
54 83 44
19 95 1
52 27 39
41 88 72
8 47 90
50 20 90
12 71 89
17 8 18
42 62 90
49 18 95
44 26 6
42 93 80
75 69 6
27 86 68
18 82 44
17 32 44
36 86 34
57 14 13
7 84 22
100 6 31
33 70 76
47 32 85
33 39 73
82 70 56
13 45 52
36 4 21
52 72 19
44 68 69
89 42 1
2 72 59
21 94 36
68 45 5
79 70 92
15 87 67
11 60 98
42 67 14
95 11 94
99 26 64
25 40 82
88 40 84
26 92 27
63 93 100
24 24 77
78 56 13
32 10 75
88 17 100
86 25 64
85 16 71
100 84 31
85 93 63
68 88 23
69 96 28
17 17 24
98 100 65
47 39 84
84 40 70
42 35 78
88 64 68
28 9 52
23 5 33
67 60 11
67 83 21
98 87 25
82 79 96
94 41 86
97 14 17
85 13 84
74 83 52
24 26 19
23 68 11
7 25 48
29 35 24
53 61 85
18 75 8
90 58 66
91 65 22
32 15 55
54 28 35
66 15 25
17 6 40
79 87 63
59 78 24
12 33 57
74 32 16
45 39 5
33 44 96
70 42 40
78 23 25
56 61 7
73 5 80
37 29 63
50 65 61
59 60 85
67 19 16
58 20 9
52 36 12
55 68 37
30 83 16
87 21 91
61 34 14
100 91 95
100 37 76
4 45 66
25 25 97
93 92 92
52 68 11
22 89 58
43 58 83
26 63 84
55 82 21
86 22 44
84 98 25
85 85 71
11 5 82
6 74 68
16 20 69
5 66 37
32 94 82
92 67 54
12 55 55
33 84 61
48 77 79
31 15 100
59 83 100
79 69 11
2 32 95
8 7 32
51 16 83
13 98 74
99 35 58
93 40 71
61 12 61
37 21 1
84 75 56
93 79 38
89 37 94
80 33 25
25 2 9
52 22 97
75 30 25
3 98 22
47 12 95
77 18 99
99 70 86
20 73 91
44 60 67
62 44 84
26 4 85
87 20 40
60 100 78
8 13 21
91 59 33
14 98 61
6 23 99
68 13 87
95 92 84
2 96 76
90 98 72
30 17 52
99 95 91
75 93 5
37 77 96
4 42 74
38 92 85
96 33 27
34 9 32
5 36 8
67 10 77
98 80 87
29 42 62
74 86 67
95 29 87
65 70 12
13 78 5
63 42 23
22 88 73
4 99 54
65 18 82
69 44 38
11 99 88
98 96 13
61 9 64
100 91 42
44 71 96
41 5 75
83 62 4
61 11 97
4 84 60
91 77 63
15 73 20
61 65 100
91 22 82
77 21 90
95 22 15
39 43 22
55 32 37
30 57 67
87 15 84
25 61 69
77 75 10
35 62 33
36 42 44
9 76 39
5 85 97
69 82 83
47 27 41
71 81 41
25 47 39
77 91 2
55 12 25
51 39 32
53 80 34
3 89 85
81 14 29
95 11 94
75 55 81
85 71 33
97 48 53
62 86 17
59 43 87
79 8 72
97 58 73
100 31 47
42 12 84
19 80 12
48 59 23
19 53 6
25 85 66
62 46 8
65 83 43
51 22 21
38 31 43
30 41 28
75 97 59
75 9 23
23 1 19
77 88 1
55 82 52
34 78 66
60 68 69
72 36 27
20 60 75
63 4 15
82 28 71
60 5 38
43 54 4
19 90 69
31 10 68
1 13 64
90 37 82
49 73 97
84 98 55
30 64 56
28 62 38
46 83 61
5 77 17
82 86 16
91 61 19
87 37 39
77 41 62
40 67 34
9 100 8
56 22 38
80 46 30
6 36 66
23 79 47
37 65 24
32 47 87
29 72 80
82 93 96
16 5 23
28 74 83
90 93 62
66 75 25
21 26 87
30 15 68
76 5 76
23 74 80
73 29 39
46 100 80
43 44 59
68 23 60
32 68 96
61 29 41
9 77 77
22 28 37
92 80 87
32 60 75
73 6 68
79 46 84
7 29 92
77 46 98
39 62 100
36 32 85
30 25 5
95 95 17
40 31 94
53 48 96
100 31 11
51 46 69
38 73 58
64 85 30
29 37 5
43 48 99
97 69 86
97 70 4
87 81 48
100 33 89
40 29 7
15 12 1
13 66 1
38 36 53
20 24 95
4 64 60
50 42 68
4 99 34
3 96 47
33 20 79
100 1 1
52 90 42
48 16 37
14 65 87
5 20 37
61 58 61
38 8 35
81 69 83
4 78 15
62 59 95
94 73 33
58 58 81
83 53 23
57 10 21
75 68 11
13 15 75
12 24 3
75 31 59
4 64 27
40 76 92
54 12 86
16 48 34
81 30 41
100 90 10
93 37 34
76 47 70
15 27 85
19 32 69
99 58 92
2 93 86
16 54 82
40 79 88
86 41 9
39 5 38
1 90 31
42 91 58
73 94 6
3 22 39
100 17 30
41 87 80
84 74 99
75 52 73
47 53 21
54 13 86
5 95 26
83 98 82
21 80 63
16 88 96
84 58 56
46 74 16
78 31 43
68 63 40
41 54 55
43 72 63
43 30 26
82 45 77
50 66 61
36 67 58
74 98 45
10 37 85
27 65 77
35 57 4
66 30 100
49 11 58
42 73 40
37 33 18
100 89 76
0 20 21
41 32 82
75 76 37
36 98 30
66 22 24
21 84 62
28 53 36
41 97 37
60 2 68
67 94 53
90 78 19
96 95 29
5 47 9
95 82 27
1 23 28
29 16 45
5 21 40
92 7 98
94 75 65
100 76 79
31 11 66
32 81 7
55 2 71
94 29 22
34 29 37
67 1 56
84 90 1
56 56 52
61 18 70
12 7 78
0 20 25
22 14 70
53 22 1
56 30 6
66 43 12
89 48 41
1 55 20
49 48 55
96 10 58
63 38 11
3 83 27
6 97 77
27 81 7
97 37 34
76 77 73
70 29 55
99 3 95
46 4 73
77 61 9
66 68 37
43 97 35
87 37 94
38 42 11
100 28 10
91 54 60
7 29 86
2 64 93
49 42 78
77 89 85
26 26 94
45 38 11
5 92 68
47 88 70
57 58 89
73 4 82
89 41 20
83 39 80
29 36 86
34 68 35
81 58 33
25 74 22
25 63 58
2 20 12
46 59 25
92 82 14
54 53 91
76 45 72
7 83 47
74 35 91
88 76 98
60 83 20
86 7 52
21 6 39
65 69 32
83 81 21
48 52 2
76 21 60
33 55 85
29 23 13
46 13 17
85 96 27
15 14 85
50 45 96
31 3 8
16 79 40
37 56 98
4 90 64
13 28 46
94 54 91
53 77 48
10 86 69
54 73 68
42 7 15
39 62 19
34 44 71
23 7 3
22 21 46
97 81 53
4 86 31
29 94 95
94 29 61
83 25 47
1 94 5
34 72 48
25 76 48
53 66 72
6 26 84
65 34 26
13 62 69
87 57 12
71 75 75
92 40 17
38 13 25
20 46 23
99 70 27
6 33 77
63 5 13
41 35 64
5 4 81
75 53 41
19 61 77
99 99 99
76 7 28
59 72 79
19 13 36
51 61 55
74 9 58
17 52 13
77 89 75
94 62 11
41 98 74
98 23 27
50 95 41
70 72 24
22 41 17
68 23 92
80 22 42
34 15 71
100 74 54
59 19 85
6 54 76
25 65 34
17 73 94
13 94 70
33 12 86
87 28 17
13 64 42
49 32 95
96 46 59
61 6 25
0 33 60
30 74 67
21 66 14
44 62 13
10 72 100
4 57 29
87 5 14
96 23 25
6 27 73
91 2 11
54 98 4
33 69 55
55 3 20
50 58 100
96 23 79
57 85 91
98 42 24
20 56 69
32 38 20
71 75 25
11 99 92
90 69 64
96 97 9
31 47 82
8 61 3
11 83 30
34 29 29
38 13 28
34 16 89
81 53 85
16 81 32
19 59 93
18 69 54
32 98 7
55 55 17
94 11 37
82 24 95
84 1 80
27 23 72
4 95 82
3 40 45
95 53 33
68 85 59
94 30 1
46 13 25
35 68 35
45 58 33
48 39 20
8 90 85
1 12 64
53 76 77
52 60 75
25 69 7
98 83 39
44 7 12
76 87 22
21 17 22
7 13 96
67 43 20
91 2 12
30 65 81
98 69 74
57 64 92
21 1 14
67 3 26
51 32 31
90 48 65
4 47 5
79 40 83
26 7 46
8 92 17
46 100 56
60 98 27
14 36 81
55 58 79
40 87 59
21 88 44
44 52 32
10 33 56
62 57 13
69 91 72
97 44 60
78 100 69
17 89 70
75 71 84
32 77 66
18 18 95
7 52 70
19 71 93
33 18 17
20 46 39
95 44 79
11 73 54
54 47 14
97 10 91
100 27 67
55 36 81
34 64 3
75 36 52
86 98 75
73 93 3
98 55 70
21 89 97
61 11 30
84 5 4
89 48 39
1 42 57
67 7 97
19 67 40
84 26 67
100 54 94
64 70 73
0 55 55
42 33 8
31 90 6
24 29 11
17 75 28
10 22 55
79 48 79
66 90 100
81 8 37
1 54 73
87 22 56
14 12 58
5 47 66
4 87 25
39 81 80
84 69 3
57 53 73
84 63 23
20 60 5
100 68 14
92 100 81
73 44 1
19 38 41
34 99 40
82 97 70
35 16 42
31 83 25
97 87 65
95 85 81
66 96 69
36 93 63
43 41 16
75 2 67
78 71 68
93 54 6
5 19 45
67 48 15
35 8 16
76 10 62
0 34 29
66 26 38
62 67 78
81 3 94
100 60 84
76 41 73
55 77 36
22 2 57
80 53 38
87 37 36
48 21 33
48 62 3
59 75 32
11 97 8
37 92 57
75 56 53
18 28 91
70 67 75
64 20 30
56 83 72
77 76 20
28 43 83
40 5 31
5 98 52
58 27 76
6 12 13
91 86 32
25 60 20
77 46 25
82 56 91
58 12 24
40 9 35
40 47 81
56 84 29
38 20 36
71 76 48
76 82 99
69 18 21
87 66 72
13 55 55
28 89 30
41 20 71
55 94 1
34 85 73
66 98 21
17 55 29
33 34 86
28 58 46
86 54 55
56 43 8
23 65 87
69 25 52
61 55 7
17 63 22
76 85 40
31 8 81
90 76 61
63 97 5
82 89 7
61 56 2
34 66 96
100 55 38
65 39 45
72 73 82
16 58 42
18 66 28
83 77 15
24 89 95
24 8 15
28 37 95
2 76 15
84 79 77
5 100 52
10 55 4
73 43 35
60 4 61
91 63 85
46 26 68
79 94 60
100 97 2
35 81 8
72 53 57
1 69 27
97 96 54
93 85 66
5 34 58
8 64 34
61 30 32
5 5 86
6 74 32
7 78 53
17 78 67
0 44 99
53 89 74
46 65 73
55 48 15
17 69 21
78 22 46
84 70 75
35 45 55
1 28 70
89 99 82
17 31 57
27 39 58
41 48 10
16 43 68
51 52 94
38 10 22
45 24 7
15 40 98
87 70 20
93 62 88
67 23 25
81 38 96
43 82 18
16 66 96
90 72 20
29 2 60
91 74 34
32 67 10
1 74 53
49 43 41
80 78 67
46 54 18
70 87 37
38 6 39
52 29 5
90 70 34
25 68 86
13 47 81
99 97 98
87 93 35
37 87 64
24 100 35
28 100 1
20 28 98
74 35 78
81 64 70
1 81 66
96 67 6
78 12 26
56 35 42
17 37 79
55 71 19
57 98 14
20 46 63
52 33 14
72 82 11
4 80 61
35 55 63
7 79 5
28 81 52
28 75 45
23 60 91
65 42 19
29 21 89
98 85 64
42 13 34
21 81 30
52 44 12
63 43 23
38 86 11
10 36 76
60 57 42
94 30 67
97 10 17
7 54 41
49 2 81
59 46 2
45 24 72
41 12 92
67 54 42
66 69 9
93 6 84
37 3 58
5 42 25
92 10 71
11 10 80
82 19 81
20 73 83
28 16 5
38 2 57
54 8 62
79 20 6
18 89 10
